Loc: -114408, 260232, -1176
Loc: -114632, 259560, -1192
Loc: -114600, 258968, -1192
Loc: -114424, 258520, -1192
Loc: -114408, 257288, -1136
Loc: -114808, 257000, -1136
Loc: -114360, 256472, -1280
Loc: -114408, 255128, -1520
Loc: -113592, 254856, -1504
Loc: -112952, 254792, -1512
Loc: -112392, 254968, -1504
Loc: -111464, 255832, -1440
Loc: -111704, 255416, -1440
Loc: -112344, 254504, -1528
Loc: -111656, 254056, -1680
Loc: -110776, 253608, -1776
Loc: -110776, 253528, -1736
Loc: -110808, 253960, -1792
Loc: -110760, 253528, -1736
Loc: -110904, 253960, -1784
Loc: -110776, 253528, -1736
Loc: -110728, 253688, -1792
Loc: -110360, 253512, -1776
Loc: -110296, 253000, -1840
Loc: -110280, 252488, -1984
Loc: -110248, 252904, -1864
Loc: -110648, 253656, -1792
Loc: -112088, 254200, -1576
Loc: -112312, 254552, -1520
Loc: -111480, 255784, -1440
Loc: -112888, 254712, -1528
Loc: -113608, 254808, -1512
Loc: -114424, 255352, -1512
Loc: -115128, 256072, -1512
Loc: -116680, 255544, -1424
Loc: -116712, 255432, -1424
Loc: -117144, 255576, -1296
Loc: -117560, 255416, -1296
Loc: -117032, 255512, -1296
Loc: -116696, 255432, -1424
Loc: -116024, 256696, -1512
Loc: -116408, 257720, -1520
Loc: -115496, 257736, -1160
Loc: -114760, 257560, -1136
Loc: -114456, 257304, -1136
Loc: -114392, 258376, -1192
Loc: -114536, 258776, -1192
Loc: -114632, 259544, -1192
Loc: -114392, 260232, -1176
Loc: -114680, 259480, -1192
Loc: -114440, 258488, -1192
Loc: -114376, 258008, -1192
Loc: -114360, 257352, -1136
Loc: -115368, 257752, -1136
Loc: -116472, 257752, -1520
Loc: -116952, 255896, -1408
Loc: -117064, 255640, -1296
Loc: -117192, 255576, -1296
Loc: -117608, 255752, -1296
Loc: -117992, 255832, -1320
Loc: -117688, 255768, -1304
Loc: -117064, 255512, -1296
Loc: -115640, 254792, -1512
Loc: -114808, 254600, -1536
Loc: -114584, 254280, -1536
Loc: -114488, 252984, -1536
Loc: -114200, 250872, -1776
Loc: -112664, 250488, -2000
Loc: -111512, 249672, -2368
Loc: -107752, 248728, -3224
Loc: -109368, 246856, -3016
Loc: -109736, 246296, -2984
Loc: -107944, 242280, -2552
Loc: -107432, 241480, -2280
Loc: -107080, 240504, -2104
Loc: -107032, 239624, -2104
Loc: -107144, 238296, -2360
Loc: -107736, 237480, -2544
Loc: -109416, 237560, -2960
//Teleport - Ruin region 1
Loc: -115144, 237336, -3088
Loc: -115512, 236680, -3088
Loc: -114536, 235336, -3088
Loc: -113304, 236792, -3040
Loc: -113528, 237192, -3040
//Teleport - Ruin region 2
Loc: -118728, 233688, -2872
Loc: -118760, 232968, -2872
Loc: -118632, 232472, -2896
Loc: -117096, 232568, -2896
Loc: -117464, 233096, -2880
Loc: -116712, 233944, -2896
//Teleport - Ruin region 3
Loc: -116253, 239080, -2760
Loc: -116168, 240424, -2736
Loc: -117336, 240872, -2736
Loc: -117464, 240168, -2720
Loc: -118104, 239336, -2736
//Teleport - Ruin region 4
Loc: -112312, 238632, -2904
Loc: -111336, 238184, -2864
Loc: -110744, 238488, -2928
Loc: -111432, 239752, -2928
Loc: -112216, 240184, -2928
//Teleport - Ruin region 5
Loc: -112744, 233976, -3072
Loc: -112168, 232888, -3128
Loc: -111832, 231880, -3160

